虾:(67, 439)
米饭:(122, 439)
紫菜:(67, 494)
鱼卵:(122, 494)
三文鱼:(67, 549)
鳗鱼:(122, 549)
案板:(233, 502)
电话:(611, 482)
空盘子位置:(110,321)
一个顾客的饭桌:(161,307,188,341)
空盘子位置:(211,321)
空盘子位置:(312,321)
空盘子位置:(413,321)
空盘子位置:(514,321)
空盘子位置:(615,321)
第1位顾客的位置:(72,167,107,203)
第2位顾客的位置:(173,167,208,203)
第3位顾客的位置:(274,167,309,203)
第4位顾客的位置:(375,167,410,203)
第5位顾客的位置:(476,167,511,203)
第6位顾客的位置:(577,167,612,203)
电话_盖浇:(535, 390)
电话_米饭:(533, 411)
电话_清酒:(532, 432)
购买_虾:(524, 341)
购买_鳗鱼:(606, 341)
购买_紫菜:(523, 396)
购买_鱼子:(606, 395)
购买_三文鱼:(523, 450)
购买_米饭:(574, 399)
购买_清酒:(573, 391)
购买:(521,405)